126
 -0.00051187906  0.00032681123 -0.00069733078      0.2868251  0 0 0 0 0
     0.45858499   0.0029081272  -0.0088808566     0.16458424  1 0 0 0 0
   -0.018362669   0.0037106597  0.00035973586    -0.25197276  2 0 0 0 0
    -0.17470946  -0.0032580921    0.045052298    0.088856231  3 0 0 0 0
     0.63425657    -0.11224185     0.32747983    0.022112635  4 0 0 0 0
   -0.013650827   -0.048977928      1.1466598  -0.0064873873  0 1 0 0 0
   -0.072118682   -0.014866027    0.092319148   -0.011130863  1 1 0 0 0
     0.88181586    0.012335132      -1.076179    0.053847757  2 1 0 0 0
     -3.6122478      1.4464051    -0.70986374     0.34503766  3 1 0 0 0
    0.099125272    0.068149058    -0.21051388    -0.71637282  0 2 0 0 0
    -0.42395946     0.27903502    0.046289718    0.081210198  1 2 0 0 0
      6.5525982     -3.5820283     -2.5930834      8.7919333  2 2 0 0 0
     0.56203463     0.61015359     -5.5609336      1.9939851  0 3 0 0 0
     -41.659367      7.2279025      2.7416421     -9.4169005  1 3 0 0 0
      -52.48206      -6.509595      36.915425      93.817362  0 4 0 0 0
    -0.34432661  -0.0073429818     0.02531374    -0.19616708  0 0 1 0 0
    -0.14339142    0.012789766   -0.038420614      1.5322816  1 0 1 0 0
      1.4515484    0.047237273     -0.2346478     -1.2467593  2 0 1 0 0
     -3.3325714     0.43940549     -1.2160112     -3.5285736  3 0 1 0 0
    -0.18879979    0.071680451    -0.32423323    -0.16047214  0 1 1 0 0
     -3.1874815     0.21112661      5.0423366    -0.30174382  1 1 1 0 0
      19.220976      -6.422857      -3.428754       -1.51263  2 1 1 0 0
      2.6099118    -0.39900437    -0.78860926     -2.2478272  0 2 1 0 0
     -30.075108      15.714049      6.2247793     -21.861204  1 2 1 0 0
      59.412714     -23.360112      8.6708917      57.609057  0 3 1 0 0
      0.4027664   -0.084819968     0.15783027     -2.3198088  0 0 2 0 0
     -3.5386186    -0.15720086     0.29251726      4.0016749  1 0 2 0 0
      6.9905668     0.28320223     0.18574357      16.242148  2 0 2 0 0
      2.8816162    -0.53430345      -5.927391   -0.067557364  0 1 2 0 0
     -28.362977      12.937236       9.758192    -0.58297793  1 1 2 0 0
      32.764938     -14.235505     -5.0754828      4.0393461  0 2 2 0 0
      1.8763825    0.062950805    -0.12265338     -3.1631388  0 0 3 0 0
      -8.232817      -2.639721      2.7347547     -26.197478  1 0 3 0 0
       13.36561     -9.4950845     -5.1564825     0.63336741  0 1 3 0 0
      1.7660117      2.4281354     -2.6772733       18.41058  0 0 4 0 0
    0.011801984      1.0340624     -3.0264429   0.0064170184  0 0 0 1 0
     0.47528499    -0.06418647   -0.088304868     0.12414371  1 0 0 1 0
     -1.7049654     0.16180233      1.0125498     0.31420611  2 0 0 1 0
      5.9072112     -1.7855741     0.17923826    -0.61585042  3 0 0 1 0
     0.64355638    -0.21964747     0.80803168      2.3213387  0 1 0 1 0
     -2.4711138   -0.037513606    -0.65553518      1.6536653  1 1 0 1 0
     -6.8761622      7.9302025       6.849781      -19.94993  2 1 0 1 0
      8.4801552      -6.880338      29.141397     -14.502926  0 2 0 1 0
      113.18842     -10.074696     -9.9664823      80.750519  1 2 0 1 0
        148.662      20.916676     -276.59937     -582.75035  0 3 0 1 0
    -0.22030115    0.052055588     0.43580585     0.35203892  0 0 1 1 0
      6.5242154    -0.48239117     -5.5330792     -1.4576739  1 0 1 1 0
     -33.139118      10.128467      3.4925402      2.8642227  2 0 1 1 0
      3.4471788     -1.9738238      5.6572894    -0.86492051  0 1 1 1 0
      32.121741     -32.627525     -15.783938      56.740906  1 1 1 1 0
      80.888828       26.62783     -76.409777     -490.27996  0 2 1 1 0
     -5.2369919    0.031522403      7.0432199      1.9038941  0 0 2 1 0
      56.036632     -19.462105     -11.419222     -2.7029612  1 0 2 1 0
     -21.413273      23.900906      21.729579     -29.549443  0 1 2 1 0
     -28.656135      12.055338      7.5563191      2.1102392  0 0 3 1 0
     -2.1847194     0.25935603    -0.91173602      -1.792508  0 0 0 2 0
      5.6095691    -0.18409209      1.2247377      -3.379939  1 0 0 2 0
     -4.7218525     -3.6739376     -7.5344916      13.587781  2 0 0 2 0
      -28.06958       18.56166     -61.256439      31.066061  0 1 0 2 0
     -142.48016     -9.8527114      32.395539     -153.12204  1 1 0 2 0
      453.59836      -37.19386      879.29508      1416.4194  0 2 0 2 0
     -14.214298      2.4429629     -7.6207552      7.7885515  0 0 1 2 0
      21.845942      17.579362      13.382278     -43.164894  1 0 1 2 0
     -522.23074      62.738319      129.38655      1070.8119  0 1 1 2 0
     -47.310396     -13.985325     -19.222488      36.844061  0 0 2 2 0
      19.327224      -16.28875      47.990745     -21.481774  0 0 0 3 0
      133.77689      22.142368     -45.145815      63.067051  1 0 0 3 0
     -1918.2115      89.358641     -1347.4239     -1626.5033  0 1 0 3 0
      340.20511     -116.23423     -16.883903     -688.11657  0 0 1 3 0
      1734.7215     -105.66756       825.1946      738.28189  0 0 0 4 0
  5.1526617e-14 -1.0856878e-14 -6.1458399e-15 -3.5526166e-14  0 0 0 0 1
 -2.8586007e-14  1.2955362e-14  1.8026524e-14  3.0060147e-14  1 0 0 0 1
 -5.4530868e-13  1.2055553e-13 -7.3855329e-14  1.7979744e-13  2 0 0 0 1
  8.9009136e-13 -2.0427967e-13  8.7076133e-14 -3.4393326e-13  3 0 0 0 1
 -1.4745207e-13  3.3914605e-14  -5.138716e-14 -2.3932497e-14  0 1 0 0 1
  2.3629336e-14  4.6644687e-16  8.9816227e-14  1.3514599e-13  1 1 0 0 1
  1.6119312e-13 -5.7873059e-15  1.1090176e-13  3.1139756e-13  2 1 0 0 1
 -1.1172555e-13  6.4964422e-15 -9.9041106e-14 -1.6087933e-13  0 2 0 0 1
  2.5915118e-13 -3.0670074e-14   3.740266e-14 -5.8417175e-14  1 2 0 0 1
  1.6735896e-13 -1.5763702e-14 -1.1975193e-13  -4.046163e-13  0 3 0 0 1
 -1.8901147e-13  5.2693316e-14  -3.384597e-14  6.4600378e-14  0 0 1 0 1
  5.1154478e-13  -1.291512e-13  6.9897196e-14 -1.8102326e-13  1 0 1 0 1
 -1.5321939e-13  4.0246776e-14  7.9717774e-14  3.0751498e-13  2 0 1 0 1
 -9.5849223e-14  2.7343881e-14 -1.2220877e-13 -1.9822063e-13  0 1 1 0 1
  -3.270063e-13  3.3439572e-14 -2.4904867e-13 -1.9419357e-13  1 1 1 0 1
 -2.8097784e-14 -1.2032894e-14  1.5910427e-13  1.9113088e-13  0 2 1 0 1
  1.7921447e-14  9.5937234e-16  4.9602446e-14  5.1244538e-14  0 0 2 0 1
 -5.2406476e-13  1.0326613e-13 -1.3307192e-13  1.5764942e-13  1 0 2 0 1
 -1.1694434e-14  8.6776419e-15  4.3704464e-14  1.1572401e-13  0 1 2 0 1
 -3.1388351e-13  9.5825597e-14 -1.1723482e-13 -3.9794558e-14  0 0 3 0 1
  2.6428468e-13 -5.5291307e-14  3.4524783e-14 -9.4668377e-14  0 0 0 1 1
 -7.5158044e-14 -2.2665747e-14  -1.365157e-13  -3.928236e-13  1 0 0 1 1
  1.6406663e-13 -3.8669301e-14  1.3923104e-13  1.7617954e-13  2 0 0 1 1
 -1.3500407e-13  2.3263461e-14 -5.2070574e-14 -5.0407023e-14  0 1 0 1 1
  6.6145413e-14 -5.0457837e-14 -2.2818885e-13 -8.4297969e-13  1 1 0 1 1
 -3.9938632e-13  3.5338841e-14 -2.6349657e-13 -7.2492765e-14  0 2 0 1 1
 -1.6702419e-13  3.7030061e-14  9.5573602e-14  3.7483232e-13  0 0 1 1 1
  6.4010538e-13 -4.7652155e-14  2.6189445e-13  1.5776856e-13  1 0 1 1 1
   8.607797e-13 -5.3802952e-14  3.5316757e-13  3.4392523e-13  0 1 1 1 1
 -4.7781952e-13  8.7300804e-15 -2.4960934e-13 -3.2639678e-13  0 0 2 1 1
  3.3943664e-13 -4.1337161e-14  1.0196846e-13  1.6021007e-14  0 0 0 2 1
   2.309546e-13 -2.7908335e-14  2.0736945e-13  4.3808824e-13  1 0 0 2 1
 -4.3605032e-14 -1.5363616e-14 -2.1924791e-13 -6.6150008e-13  0 1 0 2 1
 -1.0637468e-13  1.6634075e-14 -1.5264133e-13 -3.4154332e-13  0 0 1 2 1
 -1.4011888e-13  6.8811698e-15 -4.7692559e-14  -2.614935e-14  0 0 0 3 1
 -5.3799438e-13  1.0862969e-13 -1.5929656e-13 -1.8266324e-14  0 0 0 0 2
  6.2287822e-14  6.3444798e-15  1.3048163e-13  1.6592334e-13  1 0 0 0 2
  1.8413968e-13 -5.9594581e-15  1.1650026e-13  1.5094694e-13  2 0 0 0 2
  2.1043861e-13 -1.1431561e-15  2.0251697e-13  3.2743097e-13  0 1 0 0 2
  2.0833187e-13 -2.0428956e-14 -1.4474951e-13 -5.3836311e-13  1 1 0 0 2
  1.6798771e-13 -5.3856798e-16  3.1340341e-13    6.93485e-13  0 2 0 0 2
  1.6841004e-13  1.4319896e-15  1.7847608e-13  4.8863559e-13  0 0 1 0 2
 -1.2330658e-13 -5.1379648e-15 -9.3200744e-14 -3.1528807e-14  1 0 1 0 2
  6.1870516e-14 -1.1727153e-14 -9.3062031e-14 -3.5685838e-13  0 1 1 0 2
   -3.30098e-13  1.9227434e-14 -2.0633848e-13 -2.8379069e-13  0 0 2 0 2
 -3.6443526e-14  1.9268385e-14  1.5282033e-13  2.8208811e-13  0 0 0 1 2
 -1.7205377e-13  2.2107863e-14  -2.010381e-13 -2.5512954e-13  1 0 0 1 2
   2.043213e-13 -1.0829398e-15  2.1284777e-13  3.4216203e-13  0 1 0 1 2
 -2.3766035e-13   1.878364e-14  -2.422207e-14 -3.7366227e-14  0 0 1 1 2
  1.4628651e-14 -3.9848078e-15  2.3210572e-13  4.8627894e-13  0 0 0 2 2
 -1.8928511e-13   8.662578e-15 -9.0470899e-14  -9.767232e-15  0 0 0 0 3
  8.0064822e-13 -4.9141518e-14  5.1593609e-13  4.4270215e-13  1 0 0 0 3
 -9.5287805e-14  6.9514509e-15 -3.7977632e-14  2.5048456e-14  0 1 0 0 3
  1.6535561e-14 -9.8753683e-15  1.7644786e-14 -9.4903195e-14  0 0 1 0 3
  6.4093688e-13 -4.9079679e-14  4.1026353e-13  3.4666365e-13  0 0 0 1 3
  2.2811452e-13 -1.7239553e-14  1.2517071e-13  1.0093789e-13  0 0 0 0 4
