21
    -0.01399438  0.00013252754 -0.00032982597     0.29380686  0 0 0 0 0
      0.4544277   0.0012870384  -0.0030831526     0.10839353  1 0 0 0 0
   -0.032421355   0.0032484323  -0.0073435732    0.014716434  2 0 0 0 0
   0.0073171485   -0.034434229       1.080879   0.0025769756  0 1 0 0 0
    -0.17625898     0.10197601    -0.17705606    0.026330926  1 1 0 0 0
   0.0044295073   -0.002980924   0.0009355785     0.10823944  0 2 0 0 0
    -0.36381868   -0.001941537   0.0047679035  0.00028394177  0 0 1 0 0
    0.045592861   -0.010338161    0.023026043    -0.15073407  1 0 1 0 0
      0.1259562    -0.12789799      0.3056138   -0.033334972  0 1 1 0 0
   -0.012231613   0.0042329515  -0.0080264819     0.33807855  0 0 2 0 0
   -0.019155039      1.0061369     -2.9734084  -0.0028599227  0 0 0 1 0
     0.49331878        -0.2035     0.27099445   -0.055118501  1 0 0 1 0
    0.041133296    0.018268801    0.007920636   -0.047411301  0 1 0 1 0
    -0.36699886     0.32407261    -0.71249327     0.07797448  0 0 1 1 0
   -0.023554195   -0.024217959   -0.027555945    -0.11687621  0 0 0 2 0
   8.752236e-16  5.5692955e-16 -6.9395161e-16   9.592296e-15  0 0 0 0 1
 -4.2718571e-16 -3.0450506e-16  1.5388454e-16  1.0558247e-14  1 0 0 0 1
 -7.4306079e-17  5.3063524e-17 -6.1811698e-17  6.9916355e-16  0 1 0 0 1
 -9.1488678e-17 -2.2136297e-16   1.130379e-16  3.0180273e-15  0 0 1 0 1
  3.1001679e-16 -4.1035593e-16  4.6091814e-16 -3.0470317e-15  0 0 0 1 1
  1.0988662e-16 -1.4851521e-16  1.7055687e-16 -1.5477212e-15  0 0 0 0 2
