21
    -0.01399668  0.00014472426 -0.00036681108     0.31042895  0 0 0 0 0
      0.4544024   0.0011322195  -0.0028101035     0.11460909  1 0 0 0 0
   -0.032357587   0.0021414507  -0.0050362696    0.011706398  2 0 0 0 0
   0.0069949684   -0.035384267      1.0838859  0.00025576033  0 1 0 0 0
    -0.17837843     0.11545164    -0.20216352    0.041830874  1 1 0 0 0
   0.0029397057  -0.0069155885    0.017273299     0.11449512  0 2 0 0 0
    -0.36382189  -0.0017533348   0.0045729459  -0.0016653398  0 0 1 0 0
    0.045710055  -0.0058829896    0.014877472    -0.14334819  1 0 1 0 0
     0.13585273     -0.1561904     0.35489907   -0.087975809  0 1 1 0 0
   -0.012883647   0.0032623975  -0.0089630935     0.33532631  0 0 2 0 0
   -0.017769026      1.0068546     -2.9776561   0.0020253368  0 0 0 1 0
     0.50192238    -0.22318971     0.29342855   -0.092850899  1 0 0 1 0
    0.025178232    0.020088916   -0.043260344    0.040615061  0 1 0 1 0
     -0.4068028      0.3621413    -0.72399623     0.18224058  0 0 1 1 0
    0.013298459   -0.018355122    0.033737525    -0.35336667  0 0 0 2 0
  5.5703753e-17  2.5229383e-16 -1.6888603e-16 -1.8716676e-15  0 0 0 0 1
 -3.7985461e-17 -2.2840918e-16  2.0758291e-16  4.5125831e-16  1 0 0 0 1
 -2.0861431e-16  4.7804018e-16 -5.0544783e-16 -1.4288271e-15  0 1 0 0 1
 -2.2207297e-17  3.7911733e-17 -1.6073478e-16 -5.9089053e-16  0 0 1 0 1
 -9.0252388e-17 -3.7953574e-18 -7.4942532e-17  4.3351296e-16  0 0 0 1 1
  3.1694919e-17 -4.1177236e-17  2.7947752e-18  3.7923575e-16  0 0 0 0 2
